0.033 15 0.5 2 0.25 0.067 0 32 0
0.2 15 0.5 2 0.25 0.067 0 32 0
1 15 0.5 2 0.25 0.067 0 32 0
0.033 60 0.5 2 0.25 0.067 0 32 0
0.2 60 0.5 2 0.25 0.067 0 32 0
1 60 0.5 2 0.25 0.067 0 32 0
0.033 120 0.5 2 0.25 0.067 0 32 0
0.2 120 0.5 2 0.25 0.067 0 32 0
1 120 0.5 2 0.25 0.067 0 32 0
0.033 15 0.5 2 0.5 0.067 0 32 0
0.2 15 0.5 2 0.5 0.067 0 32 0
1 15 0.5 2 0.5 0.067 0 32 0
0.033 60 0.5 2 0.5 0.067 0 32 0
0.2 60 0.5 2 0.5 0.067 0 32 0
1 60 0.5 2 0.5 0.067 0 32 0
0.033 120 0.5 2 0.5 0.067 0 32 0
0.2 120 0.5 2 0.5 0.067 0 32 0
1 120 0.5 2 0.5 0.067 0 32 0
0.033 15 0.5 2 0.75 0.067 0 32 0
0.2 15 0.5 2 0.75 0.067 0 32 0
1 15 0.5 2 0.75 0.067 0 32 0
0.033 60 0.5 2 0.75 0.067 0 32 0
0.2 60 0.5 2 0.75 0.067 0 32 0
1 60 0.5 2 0.75 0.067 0 32 0
0.033 120 0.5 2 0.75 0.067 0 32 0
0.2 120 0.5 2 0.75 0.067 0 32 0
1 120 0.5 2 0.75 0.067 0 32 0
0.033 15 0.5 2 0.25 0.067 0 32 1
0.2 15 0.5 2 0.25 0.067 0 32 1
1 15 0.5 2 0.25 0.067 0 32 1
0.033 60 0.5 2 0.25 0.067 0 32 1
0.2 60 0.5 2 0.25 0.067 0 32 1
1 60 0.5 2 0.25 0.067 0 32 1
0.033 120 0.5 2 0.25 0.067 0 32 1
0.2 120 0.5 2 0.25 0.067 0 32 1
1 120 0.5 2 0.25 0.067 0 32 1
0.033 15 0.5 2 0.5 0.067 0 32 1
0.2 15 0.5 2 0.5 0.067 0 32 1
1 15 0.5 2 0.5 0.067 0 32 1
0.033 60 0.5 2 0.5 0.067 0 32 1
0.2 60 0.5 2 0.5 0.067 0 32 1
1 60 0.5 2 0.5 0.067 0 32 1
0.033 120 0.5 2 0.5 0.067 0 32 1
0.2 120 0.5 2 0.5 0.067 0 32 1
1 120 0.5 2 0.5 0.067 0 32 1
0.033 15 0.5 2 0.75 0.067 0 32 1
0.2 15 0.5 2 0.75 0.067 0 32 1
1 15 0.5 2 0.75 0.067 0 32 1
0.033 60 0.5 2 0.75 0.067 0 32 1
0.2 60 0.5 2 0.75 0.067 0 32 1
1 60 0.5 2 0.75 0.067 0 32 1
0.033 120 0.5 2 0.75 0.067 0 32 1
0.2 120 0.5 2 0.75 0.067 0 32 1
1 120 0.5 2 0.75 0.067 0 32 1
0.033 15 0.5 2 0.25 0.067 0 32 2
0.2 15 0.5 2 0.25 0.067 0 32 2
1 15 0.5 2 0.25 0.067 0 32 2
0.033 60 0.5 2 0.25 0.067 0 32 2
0.2 60 0.5 2 0.25 0.067 0 32 2
1 60 0.5 2 0.25 0.067 0 32 2
0.033 120 0.5 2 0.25 0.067 0 32 2
0.2 120 0.5 2 0.25 0.067 0 32 2
1 120 0.5 2 0.25 0.067 0 32 2
0.033 15 0.5 2 0.5 0.067 0 32 2
0.2 15 0.5 2 0.5 0.067 0 32 2
1 15 0.5 2 0.5 0.067 0 32 2
0.033 60 0.5 2 0.5 0.067 0 32 2
0.2 60 0.5 2 0.5 0.067 0 32 2
1 60 0.5 2 0.5 0.067 0 32 2
0.033 120 0.5 2 0.5 0.067 0 32 2
0.2 120 0.5 2 0.5 0.067 0 32 2
1 120 0.5 2 0.5 0.067 0 32 2
0.033 15 0.5 2 0.75 0.067 0 32 2
0.2 15 0.5 2 0.75 0.067 0 32 2
1 15 0.5 2 0.75 0.067 0 32 2
0.033 60 0.5 2 0.75 0.067 0 32 2
0.2 60 0.5 2 0.75 0.067 0 32 2
1 60 0.5 2 0.75 0.067 0 32 2
0.033 120 0.5 2 0.75 0.067 0 32 2
0.2 120 0.5 2 0.75 0.067 0 32 2
1 120 0.5 2 0.75 0.067 0 32 2
0.033 15 0.5 2 0.25 0.067 0 32 3
0.2 15 0.5 2 0.25 0.067 0 32 3
1 15 0.5 2 0.25 0.067 0 32 3
0.033 60 0.5 2 0.25 0.067 0 32 3
0.2 60 0.5 2 0.25 0.067 0 32 3
1 60 0.5 2 0.25 0.067 0 32 3
0.033 120 0.5 2 0.25 0.067 0 32 3
0.2 120 0.5 2 0.25 0.067 0 32 3
1 120 0.5 2 0.25 0.067 0 32 3
0.033 15 0.5 2 0.5 0.067 0 32 3
0.2 15 0.5 2 0.5 0.067 0 32 3
1 15 0.5 2 0.5 0.067 0 32 3
0.033 60 0.5 2 0.5 0.067 0 32 3
0.2 60 0.5 2 0.5 0.067 0 32 3
1 60 0.5 2 0.5 0.067 0 32 3
0.033 120 0.5 2 0.5 0.067 0 32 3
0.2 120 0.5 2 0.5 0.067 0 32 3
1 120 0.5 2 0.5 0.067 0 32 3
0.033 15 0.5 2 0.75 0.067 0 32 3
0.2 15 0.5 2 0.75 0.067 0 32 3
1 15 0.5 2 0.75 0.067 0 32 3
0.033 60 0.5 2 0.75 0.067 0 32 3
0.2 60 0.5 2 0.75 0.067 0 32 3
1 60 0.5 2 0.75 0.067 0 32 3
0.033 120 0.5 2 0.75 0.067 0 32 3
0.2 120 0.5 2 0.75 0.067 0 32 3
1 120 0.5 2 0.75 0.067 0 32 3
0.033 15 0.5 2 0.25 0.067 0 32 4
0.2 15 0.5 2 0.25 0.067 0 32 4
1 15 0.5 2 0.25 0.067 0 32 4
0.033 60 0.5 2 0.25 0.067 0 32 4
0.2 60 0.5 2 0.25 0.067 0 32 4
1 60 0.5 2 0.25 0.067 0 32 4
0.033 120 0.5 2 0.25 0.067 0 32 4
0.2 120 0.5 2 0.25 0.067 0 32 4
1 120 0.5 2 0.25 0.067 0 32 4
0.033 15 0.5 2 0.5 0.067 0 32 4
0.2 15 0.5 2 0.5 0.067 0 32 4
1 15 0.5 2 0.5 0.067 0 32 4
0.033 60 0.5 2 0.5 0.067 0 32 4
0.2 60 0.5 2 0.5 0.067 0 32 4
1 60 0.5 2 0.5 0.067 0 32 4
0.033 120 0.5 2 0.5 0.067 0 32 4
0.2 120 0.5 2 0.5 0.067 0 32 4
1 120 0.5 2 0.5 0.067 0 32 4
0.033 15 0.5 2 0.75 0.067 0 32 4
0.2 15 0.5 2 0.75 0.067 0 32 4
1 15 0.5 2 0.75 0.067 0 32 4
0.033 60 0.5 2 0.75 0.067 0 32 4
0.2 60 0.5 2 0.75 0.067 0 32 4
1 60 0.5 2 0.75 0.067 0 32 4
0.033 120 0.5 2 0.75 0.067 0 32 4
0.2 120 0.5 2 0.75 0.067 0 32 4
1 120 0.5 2 0.75 0.067 0 32 4
0.033 15 0.5 2 0.25 0.067 0 32 5
0.2 15 0.5 2 0.25 0.067 0 32 5
1 15 0.5 2 0.25 0.067 0 32 5
0.033 60 0.5 2 0.25 0.067 0 32 5
0.2 60 0.5 2 0.25 0.067 0 32 5
1 60 0.5 2 0.25 0.067 0 32 5
0.033 120 0.5 2 0.25 0.067 0 32 5
0.2 120 0.5 2 0.25 0.067 0 32 5
1 120 0.5 2 0.25 0.067 0 32 5
0.033 15 0.5 2 0.5 0.067 0 32 5
0.2 15 0.5 2 0.5 0.067 0 32 5
1 15 0.5 2 0.5 0.067 0 32 5
0.033 60 0.5 2 0.5 0.067 0 32 5
0.2 60 0.5 2 0.5 0.067 0 32 5
1 60 0.5 2 0.5 0.067 0 32 5
0.033 120 0.5 2 0.5 0.067 0 32 5
0.2 120 0.5 2 0.5 0.067 0 32 5
1 120 0.5 2 0.5 0.067 0 32 5
0.033 15 0.5 2 0.75 0.067 0 32 5
0.2 15 0.5 2 0.75 0.067 0 32 5
1 15 0.5 2 0.75 0.067 0 32 5
0.033 60 0.5 2 0.75 0.067 0 32 5
0.2 60 0.5 2 0.75 0.067 0 32 5
1 60 0.5 2 0.75 0.067 0 32 5
0.033 120 0.5 2 0.75 0.067 0 32 5
0.2 120 0.5 2 0.75 0.067 0 32 5
1 120 0.5 2 0.75 0.067 0 32 5
0.033 15 0.5 2 0.25 0.067 0 32 6
0.2 15 0.5 2 0.25 0.067 0 32 6
1 15 0.5 2 0.25 0.067 0 32 6
0.033 60 0.5 2 0.25 0.067 0 32 6
0.2 60 0.5 2 0.25 0.067 0 32 6
1 60 0.5 2 0.25 0.067 0 32 6
0.033 120 0.5 2 0.25 0.067 0 32 6
0.2 120 0.5 2 0.25 0.067 0 32 6
1 120 0.5 2 0.25 0.067 0 32 6
0.033 15 0.5 2 0.5 0.067 0 32 6
0.2 15 0.5 2 0.5 0.067 0 32 6
1 15 0.5 2 0.5 0.067 0 32 6
0.033 60 0.5 2 0.5 0.067 0 32 6
0.2 60 0.5 2 0.5 0.067 0 32 6
1 60 0.5 2 0.5 0.067 0 32 6
0.033 120 0.5 2 0.5 0.067 0 32 6
0.2 120 0.5 2 0.5 0.067 0 32 6
1 120 0.5 2 0.5 0.067 0 32 6
0.033 15 0.5 2 0.75 0.067 0 32 6
0.2 15 0.5 2 0.75 0.067 0 32 6
1 15 0.5 2 0.75 0.067 0 32 6
0.033 60 0.5 2 0.75 0.067 0 32 6
0.2 60 0.5 2 0.75 0.067 0 32 6
1 60 0.5 2 0.75 0.067 0 32 6
0.033 120 0.5 2 0.75 0.067 0 32 6
0.2 120 0.5 2 0.75 0.067 0 32 6
1 120 0.5 2 0.75 0.067 0 32 6
0.033 15 0.5 2 0.25 0.067 0 32 7
0.2 15 0.5 2 0.25 0.067 0 32 7
1 15 0.5 2 0.25 0.067 0 32 7
0.033 60 0.5 2 0.25 0.067 0 32 7
0.2 60 0.5 2 0.25 0.067 0 32 7
1 60 0.5 2 0.25 0.067 0 32 7
0.033 120 0.5 2 0.25 0.067 0 32 7
0.2 120 0.5 2 0.25 0.067 0 32 7
1 120 0.5 2 0.25 0.067 0 32 7
0.033 15 0.5 2 0.5 0.067 0 32 7
0.2 15 0.5 2 0.5 0.067 0 32 7
1 15 0.5 2 0.5 0.067 0 32 7
0.033 60 0.5 2 0.5 0.067 0 32 7
0.2 60 0.5 2 0.5 0.067 0 32 7
1 60 0.5 2 0.5 0.067 0 32 7
0.033 120 0.5 2 0.5 0.067 0 32 7
0.2 120 0.5 2 0.5 0.067 0 32 7
1 120 0.5 2 0.5 0.067 0 32 7
0.033 15 0.5 2 0.75 0.067 0 32 7
0.2 15 0.5 2 0.75 0.067 0 32 7
1 15 0.5 2 0.75 0.067 0 32 7
0.033 60 0.5 2 0.75 0.067 0 32 7
0.2 60 0.5 2 0.75 0.067 0 32 7
1 60 0.5 2 0.75 0.067 0 32 7
0.033 120 0.5 2 0.75 0.067 0 32 7
0.2 120 0.5 2 0.75 0.067 0 32 7
1 120 0.5 2 0.75 0.067 0 32 7
0.033 15 0.5 2 0.25 0.067 0 32 8
0.2 15 0.5 2 0.25 0.067 0 32 8
1 15 0.5 2 0.25 0.067 0 32 8
0.033 60 0.5 2 0.25 0.067 0 32 8
0.2 60 0.5 2 0.25 0.067 0 32 8
1 60 0.5 2 0.25 0.067 0 32 8
0.033 120 0.5 2 0.25 0.067 0 32 8
0.2 120 0.5 2 0.25 0.067 0 32 8
1 120 0.5 2 0.25 0.067 0 32 8
0.033 15 0.5 2 0.5 0.067 0 32 8
0.2 15 0.5 2 0.5 0.067 0 32 8
1 15 0.5 2 0.5 0.067 0 32 8
0.033 60 0.5 2 0.5 0.067 0 32 8
0.2 60 0.5 2 0.5 0.067 0 32 8
1 60 0.5 2 0.5 0.067 0 32 8
0.033 120 0.5 2 0.5 0.067 0 32 8
0.2 120 0.5 2 0.5 0.067 0 32 8
1 120 0.5 2 0.5 0.067 0 32 8
0.033 15 0.5 2 0.75 0.067 0 32 8
0.2 15 0.5 2 0.75 0.067 0 32 8
1 15 0.5 2 0.75 0.067 0 32 8
0.033 60 0.5 2 0.75 0.067 0 32 8
0.2 60 0.5 2 0.75 0.067 0 32 8
1 60 0.5 2 0.75 0.067 0 32 8
0.033 120 0.5 2 0.75 0.067 0 32 8
0.2 120 0.5 2 0.75 0.067 0 32 8
1 120 0.5 2 0.75 0.067 0 32 8
0.033 15 0.5 2 0.25 0.067 0 32 9
0.2 15 0.5 2 0.25 0.067 0 32 9
1 15 0.5 2 0.25 0.067 0 32 9
0.033 60 0.5 2 0.25 0.067 0 32 9
0.2 60 0.5 2 0.25 0.067 0 32 9
1 60 0.5 2 0.25 0.067 0 32 9
0.033 120 0.5 2 0.25 0.067 0 32 9
0.2 120 0.5 2 0.25 0.067 0 32 9
1 120 0.5 2 0.25 0.067 0 32 9
0.033 15 0.5 2 0.5 0.067 0 32 9
0.2 15 0.5 2 0.5 0.067 0 32 9
1 15 0.5 2 0.5 0.067 0 32 9
0.033 60 0.5 2 0.5 0.067 0 32 9
0.2 60 0.5 2 0.5 0.067 0 32 9
1 60 0.5 2 0.5 0.067 0 32 9
0.033 120 0.5 2 0.5 0.067 0 32 9
0.2 120 0.5 2 0.5 0.067 0 32 9
1 120 0.5 2 0.5 0.067 0 32 9
0.033 15 0.5 2 0.75 0.067 0 32 9
0.2 15 0.5 2 0.75 0.067 0 32 9
1 15 0.5 2 0.75 0.067 0 32 9
0.033 60 0.5 2 0.75 0.067 0 32 9
0.2 60 0.5 2 0.75 0.067 0 32 9
1 60 0.5 2 0.75 0.067 0 32 9
0.033 120 0.5 2 0.75 0.067 0 32 9
0.2 120 0.5 2 0.75 0.067 0 32 9
1 120 0.5 2 0.75 0.067 0 32 9
